1000
56 504
87 350
387 791
187 565
883 173
955 47
728 903
638 8
564 372
310 732
62 545
816 93
152 440
856 367
730 556
532 706
872 835
527 128
92 762
608 637
269 814
703 233
907 22
487 752
917 358
800 471
174 429
818 791
606 207
157 492
50 172
287 399
516 678
106 156
330 506
307 97
742 588
674 139
850 164
621 343
716 174
219 808
916 822
144 45
969 347
724 702
374 941
642 483
238 542
629 397
236 803
490 934
559 835
550 894
410 662
230 926
938 371
231 332
388 14
219 969
420 303
473 402
334 185
429 513
538 133
365 876
542 756
110 450
65 858
522 794
449 490
978 321
36 128
370 443
22 561
868 587
631 152
928 727
330 525
384 863
684 868
112 109
866 496
318 309
417 846
220 495
672 548
155 544
35 293
233 17
699 599
754 540
49 911
70 493
217 142
173 832
795 60
156 16
603 621
313 307
975 554
476 68
960 444
127 381
561 233
92 632
436 324
706 24
786 806
701 577
722 891
331 365
14 53
549 864
768 907
207 163
760 196
99 623
259 805
597 820
708 135
807 771
513 801
938 383
69 623
972 270
314 760
794 759
257 845
953 545
133 944
147 253
893 944
970 166
876 378
716 16
540 526
190 442
554 451
208 784
360 916
882 171
481 461
563 183
322 633
643 909
858 67
947 323
67 130
79 88
983 191
253 978
927 123
877 769
342 729
163 942
978 771
210 544
450 894
7 445
857 769
688 813
529 626
305 151
84 722
801 137
996 645
796 139
585 667
627 503
575 330
340 360
29 337
784 834
619 569
856 154
856 551
990 250
713 375
805 415
279 93
470 830
18 724
425 389
166 254
79 760
789 53
890 255
801 942
637 760
307 591
583 43
977 0
210 545
583 987
86 531
778 171
973 101
103 26
990 463
4 863
417 478
673 203
761 145
860 967
9 153
340 86
759 22
34 805
766 678
371 666
446 833
558 817
801 52
140 651
358 383
944 464
261 485
850 817
553 830
30 185
946 727
451 93
125 848
663 102
386 868
881 857
180 50
373 891
645 85
214 476
306 538
731 41
464 935
457 123
133 133
527 380
682 750
145 250
687 569
399 441
638 720
152 328
255 202
199 466
209 140
299 505
385 901
823 488
168 211
427 435
77 90
595 404
750 871
682 538
454 824
379 376
540 692
369 325
25 563
678 257
707 654
274 533
417 483
354 777
199 706
919 126
217 828
723 219
198 226
815 89
295 915
307 122
726 41
844 597
151 411
681 925
954 869
376 283
975 594
462 287
795 338
924 435
465 915
855 488
512 28
291 905
600 5
936 212
120 152
655 614
419 914
130 214
248 360
440 929
30 973
136 196
941 134
629 734
702 675
405 428
318 205
746 47
523 551
123 95
289 150
5 617
855 569
159 81
433 290
188 652
454 228
542 575
451 9
92 607
118 181
913 606
227 805
198 68
45 129
365 322
109 959
451 984
868 507
81 312
194 756
479 81
745 704
408 176
694 10
437 357
884 937
317 520
545 355
816 364
135 65
717 807
171 649
344 501
275 677
75 496
750 562
295 378
574 937
346 570
370 412
635 464
244 142
676 135
22 471
673 457
806 783
243 956
158 476
537 790
745 363
442 871
679 445
100 624
31 909
370 703
79 341
135 191
959 648
135 208
204 97
8 872
891 883
193 683
146 256
619 810
830 583
7 15
11 18
249 378
414 397
641 696
417 410
442 972
839 972
195 440
24 870
892 167
129 499
733 917
452 420
108 290
885 400
555 498
451 738
292 5
300 676
684 475
123 830
643 662
94 185
978 926
625 162
68 536
641 18
422 353
613 64
655 666
936 196
774 689
364 238
964 355
629 548
944 793
940 656
156 846
484 706
907 753
18 51
250 169
844 653
923 987
821 47
879 56
13 134
855 202
108 275
364 774
479 619
162 161
292 641
488 595
817 692
574 556
333 661
169 789
291 306
694 663
135 193
963 66
84 782
662 269
736 817
102 107
774 782
28 548
651 746
669 903
553 561
76 72
412 230
205 195
819 691
283 543
141 339
145 493
93 961
280 936
328 344
632 441
318 467
592 857
672 279
55 96
179 860
374 262
623 814
982 361
302 18
370 470
635 591
40 997
230 208
926 209
138 447
319 973
441 570
162 481
673 629
350 731
252 36
526 246
793 125
705 987
345 172
462 676
12 341
45 936
633 241
300 301
494 699
242 571
763 3
224 467
864 401
851 98
472 557
612 421
565 835
10 668
638 685
565 774
817 128
922 954
319 721
511 363
581 547
708 144
61 625
980 390
286 199
408 997
928 368
287 336
376 696
345 719
764 436
792 832
798 14
615 452
244 651
985 915
735 618
660 584
563 265
88 38
995 655
350 851
78 217
817 441
878 240
47 284
492 894
809 533
780 350
138 929
926 389
933 266
248 155
914 395
798 877
610 849
370 628
597 426
779 207
375 165
308 645
140 462
421 487
896 177
400 897
214 747
82 216
357 401
328 651
637 433
268 990
1 729
617 235
650 953
45 454
672 709
586 486
56 155
761 616
495 530
537 220
210 495
768 358
364 663
483 299
158 24
281 505
886 506
59 29
306 879
482 176
558 835
180 513
143 836
653 391
767 181
965 920
377 476
21 978
375 246
889 861
206 902
816 67
749 443
174 911
637 535
628 967
496 624
664 238
713 136
257 802
159 995
531 222
72 731
577 877
530 550
386 176
662 843
795 948
30 247
542 952
708 460
663 603
495 641
772 27
730 309
254 626
54 926
809 775
133 661
86 889
107 391
639 132
84 8
331 58
912 615
99 197
386 92
693 526
320 654
738 292
765 509
719 671
729 51
235 203
322 99
435 323
141 312
595 111
179 995
895 207
212 173
447 948
811 365
295 174
904 84
593 400
194 48
808 109
777 815
205 671
437 836
866 563
382 433
88 677
638 553
748 101
593 159
614 738
668 964
424 136
190 87
228 546
486 545
905 179
87 316
141 800
794 571
522 675
227 125
383 393
239 109
963 843
669 498
355 939
680 687
424 812
681 204
792 794
578 116
565 147
942 906
901 83
343 872
714 174
669 550
67 648
858 18
256 496
13 217
744 380
966 410
342 752
489 848
819 961
520 756
789 535
256 697
468 657
704 60
94 530
574 989
895 55
988 600
981 360
308 401
499 390
929 981
612 635
377 240
742 285
32 73
429 449
647 116
96 112
843 189
39 435
957 500
767 421
646 62
559 133
822 395
899 592
445 759
696 453
746 879
465 579
670 898
926 181
991 25
273 997
171 333
371 761
158 581
200 406
100 573
398 661
705 293
494 170
343 986
346 320
379 204
771 367
269 406
965 549
518 262
77 365
559 760
233 498
413 217
505 622
766 926
931 453
796 781
741 62
20 228
926 950
946 465
801 112
344 543
993 930
878 367
360 479
640 997
878 39
477 265
925 763
14 334
714 569
825 929
18 374
166 499
609 972
627 776
921 401
588 885
85 944
560 458
558 337
318 119
730 354
965 743
488 794
964 542
708 371
962 232
510 834
815 889
880 918
209 459
504 348
296 300
974 22
773 274
153 295
599 218
584 887
359 682
228 218
116 283
264 622
715 935
715 13
248 24
452 640
970 251
422 77
454 189
496 482
687 947
957 120
887 441
204 250
789 558
609 399
26 691
326 693
913 101
854 167
315 179
788 967
291 927
958 671
578 849
758 838
38 606
722 223
906 877
529 234
114 788
650 3
409 878
550 942
272 937
296 112
973 388
830 662
175 48
470 599
37 850
726 7
691 334
509 426
242 71
733 82
234 178
872 245
850 454
77 863
535 496
674 710
794 553
484 333
888 203
836 970
21 838
559 13
588 77
877 396
87 286
886 652
724 357
53 619
448 781
255 700
809 639
911 922
211 66
920 515
946 218
505 289
89 50
244 771
172 328
223 248
523 593
63 137
667 351
753 620
181 853
906 126
336 304
623 320
355 668
662 289
299 79
224 245
528 8
80 508
513 717
261 337
383 128
556 312
39 532
350 166
44 23
265 291
478 853
701 254
111 867
769 66
258 994
960 271
834 128
813 366
387 117
97 751
762 471
895 262
722 218
711 455
578 276
51 468
902 161
629 847
584 839
959 811
618 896
211 597
112 816
542 177
532 54
61 942
556 365
338 198
195 423
182 250
58 803
908 723
901 79
973 646
412 710
118 182
935 593
996 933
608 192
615 544
803 71
199 154
317 172
542 528
312 958
114 901
626 593
28 177
503 573
150 944
972 99
712 151
632 358
687 925
717 109
514 303
626 965
216 13
283 316
424 772
845 503
818 712
324 502
224 180
42 502
782 880
177 535
318 725
390 530
222 274
584 364
9 899
117 975
948 797
658 798
127 395
452 623
223 976
553 206
104 286
584 76
645 830
715 867
144 420
826 62
511 407
310 798
554 325
256 743
322 882
274 847
508 17
72 228
985 496
924 290
543 83
817 626
481 911
750 346
273 36
506 98
851 934
185 711
872 363
770 949
685 456
272 403
270 573
40 433
312 181
970 771
654 892
